[{"id": 0, "img_name": "GX01013500000000", "width": 2560, "height": 1440, "position": [-12.731304728097559, -2.2592691804734755, 2.4213651892155084], "rotation": [[0.7619606062400006, -0.0538550448834891, 0.6453802512309843], [0.29194434457157536, 0.9181002532904056, -0.268067947693801], [-0.5780869607689176, 0.3926723303833496, 0.7152789013666385]], "fy": 1167.5, "fx": 1164.9}, {"id": 1, "img_name": "GX01013500000160", "width": 2560, "height": 1440, "position": [-7.207493050618441, -5.256264949209044, 10.316955578817353], "rotation": [[0.7831319983908271, -0.05235201866185768, 0.6196479155443175], [0.2782625485313339, 0.9206249867187275, -0.2738970388923357], [-0.5561242911267554, 0.3869223435925756, 0.7355384917511745]], "fy": 1167.5, "fx": 1164.9}, {"id": 2, "img_name": "GX01013500000320", "width": 2560, "height": 1440, "position": [-1.538587973382518, -7.387146756931545, 15.666640729659811], "rotation": [[-0.020073188712586572, -0.03314844818155899, 0.9992488416195748], [0.4027028488262218, 0.9145237817770561, 0.03842743956389197], [-0.9151106395634098, 0.40317171645261274, -0.005008433936876898]], "fy": 1167.5, "fx": 1164.9}, {"id": 3, "img_name": "GX01013500000480", "width": 2560, "height": 1440, "position": [4.2802502813237115, -3.844124752549886, 8.752627196469005], "rotation": [[-0.7602343900626078, -0.01095779899323181, 0.6495564631403166], [0.2727949230703406, 0.902051471694293, 0.33449375533962844], [-0.5895986788597652, 0.43148936146257894, -0.6827813184552095]], "fy": 1167.5, "fx": 1164.9}, {"id": 4, "img_name": "GX01013500000640", "width": 2560, "height": 1440, "position": [13.445607024887229, 0.10451700544399913, -0.2094816854344773], "rotation": [[-0.7288970696125, -0.061237117711542964, 0.6818790782277259], [0.28001969385274744, 0.882204386351752, 0.3785556653338349], [-0.6247383716124086, 0.4668676858769639, -0.6258885930570749]], "fy": 1167.5, "fx": 1164.9}, {"id": 5, "img_name": "GX01013500000800", "width": 2560, "height": 1440, "position": [10.119203664012986, 2.6000934224014274, -5.360605429209228], "rotation": [[-0.5331059091783698, 0.08221389688141277, -0.8420445147132519], [-0.3515912418104064, 0.8837291051674913, 0.30887937348110706], [0.769533422458908, 0.46072089581376413, -0.44221552197909403]], "fy": 1167.5, "fx": 1164.9}, {"id": 6, "img_name": "GX01013500000960", "width": 2560, "height": 1440, "position": [0.33408178517780224, 7.5212224026617545, -15.30033483505057], "rotation": [[-0.5220507140459948, 0.02185165131088715, -0.8526344804774518], [-0.359027046934348, 0.9011599988915286, 0.24292022552151046], [0.7736682955463977, 0.4329355168299403, -0.46260588705022343]], "fy": 1167.5, "fx": 1164.9}, {"id": 7, "img_name": "GX01013500001120", "width": 2560, "height": 1440, "position": [-7.193740575592691, 4.360119300249036, -8.625300075711035], "rotation": [[0.7918340603349617, 0.08346115975595915, -0.605006657571335], [-0.2559021103050787, 0.944805606874763, -0.2045885509001374], [0.5545384845390405, 0.31682266337842846, 0.7694871468289404]], "fy": 1167.5, "fx": 1164.9}, {"id": 8, "img_name": "GX01013500001280", "width": 2560, "height": 1440, "position": [-12.054662540894615, -1.3714008348704654, 1.791336568383875], "rotation": [[0.7374207622645015, -0.16610927116788266, 0.6546894908376921], [0.3281390263547646, 0.9353198277524396, -0.13229360980823646], [-0.5903688666962281, 0.31238522667568913, 0.7442311948518349]], "fy": 1167.5, "fx": 1164.9}, {"id": 9, "img_name": "GX01013500001440", "width": 2560, "height": 1440, "position": [-3.198585163890278, -5.446632986407811, 12.21654926317901], "rotation": [[0.7751624704890769, -0.07379415123670285, 0.6274373017190845], [0.2784973593497719, 0.9313623596354184, -0.23452798530143398], [-0.5670646922357931, 0.35653692417139665, 0.7425086238704065]], "fy": 1167.5, "fx": 1164.9}, {"id": 10, "img_name": "GX01013500001600", "width": 2560, "height": 1440, "position": [0.813212356028268, -5.048639647083439, 11.79023233180706], "rotation": [[0.7139331307877077, -0.1148800300632915, 0.6907257512619017], [0.30641676534425044, 0.93824052241084, -0.1606657649351612], [-0.6296096018006938, 0.3263545630122109, 0.7050421608113094]], "fy": 1167.5, "fx": 1164.9}, {"id": 11, "img_name": "GX01013500001760", "width": 2560, "height": 1440, "position": [-5.387066285832419, -0.8668518410438083, 2.260723357286953], "rotation": [[0.8090064966943661, -0.1133874265096408, 0.5767597245091141], [0.2518244162671823, 0.9534677870143008, -0.16578191245653123], [-0.53112423375139, 0.27936082516267907, 0.7999153565761977]], "fy": 1167.5, "fx": 1164.9}, {"id": 12, "img_name": "GX01013500001920", "width": 2560, "height": 1440, "position": [-5.114047860554993, 1.8680640185097415, -3.524201251941692], "rotation": [[0.6795530181241881, -0.11025967468274347, 0.7252933887036077], [0.2866063077743198, 0.9499748033102039, -0.12411566146023376], [-0.6753254918202625, 0.29221683253124736, 0.6771593629885997]], "fy": 1167.5, "fx": 1164.9}, {"id": 13, "img_name": "GX01013500002080", "width": 2560, "height": 1440, "position": [3.591937403856005, -2.3952124851259415, 6.417970000422984], "rotation": [[0.7008683239823146, -0.11865202376915887, 0.703352891295475], [0.32384110655644865, 0.9315139866851522, -0.16555552033752574], [-0.6355395582829728, 0.34380719868178583, 0.6912930492866731]], "fy": 1167.5, "fx": 1164.9}, {"id": 14, "img_name": "GX01013500002240", "width": 2560, "height": 1440, "position": [8.15428433363087, -2.3285526098809237, 6.2317949662126555], "rotation": [[0.6318354993297924, -0.12131625038922442, 0.765549651673992], [0.29494311638032533, 0.9510053785592546, -0.09272177765353129], [-0.7167931779017805, 0.2843785106910648, 0.6366603511846786]], "fy": 1167.5, "fx": 1164.9}, {"id": 15, "img_name": "GX01013500002400", "width": 2560, "height": 1440, "position": [-0.7872710453275824, 1.4750250672930854, -1.9551430188317855], "rotation": [[0.7939643172159978, -0.12118244631825323, 0.595764616012111], [0.2835919204071173, 0.9406125764495559, -0.1866108349071174], [-0.5377697329410959, 0.3171163756876201, 0.7811791846965781]], "fy": 1167.5, "fx": 1164.9}, {"id": 16, "img_name": "GX01013500002560", "width": 2560, "height": 1440, "position": [-4.3385242863148425, 5.417991295222857, -10.120368534205497], "rotation": [[0.5753695178704747, -0.13879438594162954, 0.8060310393133648], [0.3343388666838737, 0.9393089369425098, -0.07691711905989979], [-0.7464364943717853, 0.3137432699055358, 0.5868540878778487]], "fy": 1167.5, "fx": 1164.9}, {"id": 17, "img_name": "GX01013500002720", "width": 2560, "height": 1440, "position": [4.866222841281303, 3.6519631412432005, -6.444279704166827], "rotation": [[0.5851243184555082, -0.13147468550740887, 0.8002149330165642], [0.35235580915294973, 0.92997392304781, -0.10485173440261165], [-0.7303936717333651, 0.3433116798505311, 0.5904762270998377]], "fy": 1167.5, "fx": 1164.9}, {"id": 18, "img_name": "GX01013500002880", "width": 2560, "height": 1440, "position": [15.329404784626165, 0.6698610588198118, -0.6149724203970175], "rotation": [[0.5199475215095709, -0.1192606442068236, 0.845831823484685], [0.33876868760018075, 0.9377935521689299, -0.0760199303606081], [-0.7841494444158622, 0.326067711148703, 0.5280052050581892]], "fy": 1167.5, "fx": 1164.9}, {"id": 19, "img_name": "GX01013500003040", "width": 2560, "height": 1440, "position": [7.457868466930111, 4.305845699582924, -7.942752515951014], "rotation": [[0.39906300676188555, -0.16762831818971438, 0.9014707225279428], [0.39134593697509246, 0.9202411930585636, -0.0021223127099008177], [-0.8292147334962462, 0.3536338410546133, 0.4328348786936078]], "fy": 1167.5, "fx": 1164.9}, {"id": 20, "img_name": "GX01013500003200", "width": 2560, "height": 1440, "position": [-0.16910447775991577, 8.108045364578421, -15.284878995845213], "rotation": [[0.7290845533090009, -0.20904201208241302, 0.6517186135985003], [0.32088159778827907, 0.9454796700247464, -0.05570631715288577], [-0.604541739110755, 0.24973912539774995, 0.7564123577246151]], "fy": 1167.5, "fx": 1164.9}, {"id": 21, "img_name": "GX01013500003360", "width": 2560, "height": 1440, "position": [1.3877791206896017, 7.495008749309796, -14.530345263334421], "rotation": [[-0.8041638737001499, -0.10085205901154067, 0.585789489858514], [0.23694555543004236, 0.8494283928380737, 0.47151692355892755], [-0.5451396775116576, 0.5179770918039325, -0.6591831796768047]], "fy": 1167.5, "fx": 1164.9}, {"id": 22, "img_name": "GX01013500003520", "width": 2560, "height": 1440, "position": [11.853135897457364, 2.9249683475754344, -4.997915552503644], "rotation": [[-0.6687297961135952, -0.12459938389610292, 0.7329907593705258], [0.31441329975960436, 0.8459791272448882, 0.430654842304431], [-0.6737542109138508, 0.5184537682365601, -0.5265557458400438]], "fy": 1167.5, "fx": 1164.9}, {"id": 23, "img_name": "GX01013500003680", "width": 2560, "height": 1440, "position": [9.424973563584313, 0.060092842153982924, 1.142247314745419], "rotation": [[-0.6465815825487629, -0.11981539820377615, 0.7533767500142328], [0.3121870571020408, 0.8595416088112695, 0.4046325049969435], [-0.6960398684606396, 0.49682239590763716, -0.5183589571309543]], "fy": 1167.5, "fx": 1164.9}, {"id": 24, "img_name": "GX01013500003840", "width": 2560, "height": 1440, "position": [-0.09675588808412529, 4.125309111268515, -7.096965655350088], "rotation": [[-0.8358797237791205, -0.135674465124454, 0.5318811210112033], [0.1546356400369513, 0.8715247780368702, 0.4653303988545628], [-0.5266810289020324, 0.47120802283171853, -0.7075097829809276]], "fy": 1167.5, "fx": 1164.9}, {"id": 25, "img_name": "GX01013500004000", "width": 2560, "height": 1440, "position": [-7.0003236399077835, 3.9807999794515436, -7.5890645685879345], "rotation": [[-0.6583012037495705, -0.21051873286841222, 0.7227180558512039], [0.3353896900204727, 0.7775071443997212, 0.5319740559795771], [-0.6739089559946778, 0.5925913461390313, -0.441228076521988]], "fy": 1167.5, "fx": 1164.9}, {"id": 26, "img_name": "GX01013500004160", "width": 2560, "height": 1440, "position": [1.3443406480585511, -0.47886211648799126, 2.624876967405417], "rotation": [[-0.8252404557055435, -0.04197466538609822, 0.5632195999187461], [0.25109140793855794, 0.865994114882072, 0.43244340421499017], [-0.5058965261062187, 0.49828939428342417, -0.7041139001740545]], "fy": 1167.5, "fx": 1164.9}, {"id": 27, "img_name": "GX01013500004320", "width": 2560, "height": 1440, "position": [2.2884086441753597, -4.942763030620533, 11.978874256814954], "rotation": [[-0.8172129225576485, -0.10267121193891596, 0.5671169733342328], [0.20674473794350096, 0.8662894557341284, 0.45475179187831755], [-0.5379773717708395, 0.48887749091450483, -0.686716205094709]], "fy": 1167.5, "fx": 1164.9}, {"id": 28, "img_name": "GX01013500004480", "width": 2560, "height": 1440, "position": [-7.525951827281549, -2.105350960786383, 4.560388338606509], "rotation": [[-0.8397066175301863, -0.09971038913820797, 0.5338076758289633], [0.18207463694117465, 0.8744026489647918, 0.4497430756177292], [-0.5116069028646427, 0.47484507555755723, -0.7160869578200576]], "fy": 1167.5, "fx": 1164.9}, {"id": 29, "img_name": "GX01013500004640", "width": 2560, "height": 1440, "position": [-7.049329526885772, 3.049302052171782, -5.643303754174742], "rotation": [[-0.9910884795584134, -0.07477993719302153, 0.11023423551691358], [-0.0019523835749590218, 0.8356180714113652, 0.5493074065849891], [-0.1331908926502366, 0.5441970228916712, -0.8283174430077359]], "fy": 1167.5, "fx": 1164.9}, {"id": 30, "img_name": "GX01013500004800", "width": 2560, "height": 1440, "position": [-1.1311902911021916, 7.848318439905131, -15.35202160025103], "rotation": [[-0.5548362518672472, 0.14894258253704967, -0.818518686849053], [-0.34486983920859876, 0.8541595767787652, 0.3891994493847032], [0.757113946257853, 0.4982243716482715, -0.4225528935855784]], "fy": 1167.5, "fx": 1164.9}, {"id": 31, "img_name": "GX01013500004960", "width": 2560, "height": 1440, "position": [-9.340238911984011, 2.674471108729467, -5.447925777438147], "rotation": [[-0.21754348083051295, 0.12418752536906794, -0.9681179124935417], [-0.4236694949873097, 0.881545201293423, 0.20828398184626806], [0.8793059723243912, 0.4554728494863836, -0.13915994544196975]], "fy": 1167.5, "fx": 1164.9}, {"id": 32, "img_name": "GX01013500005120", "width": 2560, "height": 1440, "position": [-13.16588173037523, -1.167436240372308, 1.6592754487181105], "rotation": [[0.5942737116742522, 0.0498775593149616, -0.8027147592324999], [-0.32000864482331537, 0.9303310869116496, -0.17910481837218695], [0.7378571832348404, 0.36331294747444853, 0.5688325582684028]], "fy": 1167.5, "fx": 1164.9}, {"id": 33, "img_name": "GX01013500005280", "width": 2560, "height": 1440, "position": [-1.886528569059442, 4.350035157756752, -7.82169658407998], "rotation": [[0.5388560344428497, 0.1329681574035127, -0.8318375101311797], [-0.36204364892807833, 0.9281705724417605, -0.08616138766278571], [0.7606303770001356, 0.3475900711612015, 0.5482905908501278]], "fy": 1167.5, "fx": 1164.9}, {"id": 34, "img_name": "GX01013500005440", "width": 2560, "height": 1440, "position": [5.085775901579967, 4.849580765397611, -9.044883181461541], "rotation": [[-0.8058107660772224, 0.056549311392271616, -0.5894668647643413], [-0.3013159752386824, 0.8177774849098632, 0.49035565484703053], [0.5097820047235916, 0.5727496491099391, -0.6419346906846831]], "fy": 1167.5, "fx": 1164.9}, {"id": 35, "img_name": "GX01013500005600", "width": 2560, "height": 1440, "position": [-7.600707696963038, -0.26920226777303874, 1.1072158203469935], "rotation": [[-0.6306444690475073, 0.1126032914600246, -0.7678593962517853], [-0.36473997791487084, 0.8303306878981007, 0.42132611744980464], [0.6850199283016861, 0.5457760048655821, -0.4825725337630779]], "fy": 1167.5, "fx": 1164.9}, {"id": 36, "img_name": "GX01013500005760", "width": 2560, "height": 1440, "position": [-9.577139158119095, -2.2601985640096536, 4.824327516813005], "rotation": [[0.5105657711456484, 0.13167670190020417, -0.8496963219357456], [-0.3877052708429269, 0.9172992505975741, -0.09081138592567538], [0.7674680555534951, 0.3757969279142845, 0.5193933506265976]], "fy": 1167.5, "fx": 1164.9}, {"id": 37, "img_name": "GX01013500005920", "width": 2560, "height": 1440, "position": [2.4163407544859377, 1.5706021326938426, -2.200445070267843], "rotation": [[0.5617957955905561, 0.08426538198753353, -0.8229731644806348], [-0.3354417657517495, 0.9325536393809567, -0.133501054178164], [0.7562171023232174, 0.3510599024038884, 0.552170842292537]], "fy": 1167.5, "fx": 1164.9}, {"id": 38, "img_name": "GX01013500006080", "width": 2560, "height": 1440, "position": [10.339868200101604, 3.631592893737106, -6.730088763402503], "rotation": [[-0.5361813691397256, 0.13852795972385165, -0.832658119375651], [-0.3614933232189393, 0.8537204725755638, 0.37481186210348727], [0.7627792057047549, 0.5019674880707943, -0.40767207932886484]], "fy": 1167.5, "fx": 1164.9}, {"id": 39, "img_name": "GX01013500006240", "width": 2560, "height": 1440, "position": [5.097669243620639, 1.0538987350389852, -1.07371035955082], "rotation": [[-0.7374201849496429, 0.08389903956815645, -0.6702032691567347], [-0.3167415459541904, 0.8334323400715039, 0.45284139341439006], [0.5965620369210424, 0.5462156036607503, -0.5880155188616525]], "fy": 1167.5, "fx": 1164.9}, {"id": 40, "img_name": "GX01013500006400", "width": 2560, "height": 1440, "position": [-9.397222559541571, -2.476572998863559, 5.524093587929648], "rotation": [[-0.5759792478409546, 0.10894744272725651, -0.8101718094205436], [-0.37050565304831734, 0.8486455673800551, 0.37752650506345126], [0.7286792621694448, 0.5176206677571669, -0.4484365921675178]], "fy": 1167.5, "fx": 1164.9}, {"id": 41, "img_name": "GX01013500006560", "width": 2560, "height": 1440, "position": [-5.9829410863094, -2.792031726262917, 6.209969070387188], "rotation": [[0.5592424848248004, 0.13872418894341854, -0.8173147756947584], [-0.3465816624603908, 0.934729902083788, -0.07849306591428126], [0.7530796733501537, 0.32716297093715035, 0.5708199331088595]], "fy": 1167.5, "fx": 1164.9}, {"id": 42, "img_name": "GX01013500006720", "width": 2560, "height": 1440, "position": [6.127573553229392, -0.8006245229987003, 2.906700720702935], "rotation": [[0.5499487320177111, 0.15266573522603294, -0.8211270093231658], [-0.39970008463639894, 0.9113647264606659, -0.09825567517925418], [0.7333459173499004, 0.38224011910207745, 0.5622243830136349]], "fy": 1167.5, "fx": 1164.9}, {"id": 43, "img_name": "GX01013500006880", "width": 2560, "height": 1440, "position": [14.474406121683163, 1.160165236934098, -1.3890849717654126], "rotation": [[0.9561636369575781, 0.06587222883693125, -0.285327791895763], [-0.1452176045254264, 0.9527834076729149, -0.2666751308222892], [0.254289100623589, 0.2964196814168101, 0.9205826555898188]], "fy": 1167.5, "fx": 1164.9}, {"id": 44, "img_name": "GX01013500007040", "width": 2560, "height": 1440, "position": [6.000173067386592, -0.08282659409728321, 1.3454280091300543], "rotation": [[0.9466049626986146, -0.0757931618555849, 0.3133599227889355], [0.16984341349292228, 0.9433945920045516, -0.28488569404172925], [-0.2740296689912002, 0.3228963307200915, 0.9058949719035173]], "fy": 1167.5, "fx": 1164.9}, {"id": 45, "img_name": "GX01013500007200", "width": 2560, "height": 1440, "position": [-7.82277511274554, -4.245844296477777, 8.547712847338087], "rotation": [[0.9804353424024395, -0.0760837567879716, 0.1815428360504487], [0.14320074067865357, 0.908481484942489, -0.39262569883513126], [-0.13505586709690295, 0.41094118006074665, 0.9016026060815179]], "fy": 1167.5, "fx": 1164.9}, {"id": 46, "img_name": "GX01013500007360", "width": 2560, "height": 1440, "position": [-0.6152678816151663, -5.116438962703564, 11.319169563153736], "rotation": [[0.9933726898233608, -0.06597295944998079, 0.09411837086622483], [0.0964590209053596, 0.9237960181848575, -0.37053552336015233], [-0.06250085118684748, 0.37715843541834476, 0.9240374225071764]], "fy": 1167.5, "fx": 1164.9}, {"id": 47, "img_name": "GX01013500007520", "width": 2560, "height": 1440, "position": [2.6898002338576164, 0.5248652404846885, 0.1927730857325748], "rotation": [[0.6461339255738968, -0.09930239197200574, 0.7567364040213106], [0.33603208091595727, 0.9272419492444487, -0.16524166592190614], [-0.6852688456494707, 0.36105595481863106, 0.6324912700363928]], "fy": 1167.5, "fx": 1164.9}, {"id": 48, "img_name": "GX01013500007680", "width": 2560, "height": 1440, "position": [12.493379174152166, 0.8502666158641409, -2.33676874261974], "rotation": [[0.7081240254322035, 0.025046164332528025, 0.7056437162321506], [0.31910282335892787, 0.880139933893221, -0.3514642014356474], [-0.62986804390289, 0.4740531472510908, 0.6152559311792799]], "fy": 1167.5, "fx": 1164.9}, {"id": 49, "img_name": "GX01013500007840", "width": 2560, "height": 1440, "position": [11.576545232461493, 1.5100138477289748, -3.758682889087921], "rotation": [[-0.3843972769456233, 0.1713377401438607, 0.9071284982179675], [0.38878295553793646, 0.9212827994627176, -0.009263741000537248], [-0.8373091107589699, 0.3491151417749351, -0.42075179241863037]], "fy": 1167.5, "fx": 1164.9}, {"id": 50, "img_name": "GX01013500008000", "width": 2560, "height": 1440, "position": [9.733932985661756, 2.1176169338709374, -4.16652274196251], "rotation": [[-0.9891591810106635, -0.06956375471211874, 0.12932516635466831], [0.0037549781797292904, 0.8684083204263938, 0.4958355464799588], [-0.14679923283580268, 0.49094589624984314, -0.8587328526347731]], "fy": 1167.5, "fx": 1164.9}, {"id": 51, "img_name": "GX01013500008160", "width": 2560, "height": 1440, "position": [7.908030748896239, 1.7478811581919604, -3.4560850847917344], "rotation": [[-0.20206929188101583, 0.04330043836546743, -0.9784135492296007], [-0.4355286115148682, 0.8908296479657065, 0.1293729757608838], [0.8772017041881741, 0.4522694001838436, -0.16115073635174784]], "fy": 1167.5, "fx": 1164.9}, {"id": 52, "img_name": "GX01013500008320", "width": 2560, "height": 1440, "position": [6.3310874990667285, 0.9210995897174201, -2.4603220206817555], "rotation": [[-0.18605093709040388, -0.507319991281973, -0.8414341776119159], [-0.41899418395793875, 0.815581128972701, -0.39908808034447163], [0.8887231979740391, 0.2783053152731246, -0.36430375907135953]], "fy": 1167.5, "fx": 1164.9}, {"id": 53, "img_name": "GX01013500008480", "width": 2560, "height": 1440, "position": [3.52329012353969, 0.4894814160735834, -0.052165123089933374], "rotation": [[0.5759356322156626, -0.1000636808560942, 0.8113478953678713], [0.34527759255484597, 0.9293868523791697, -0.1304739924439692], [-0.7410003587204761, 0.3552848693629788, 0.5698167512260907]], "fy": 1167.5, "fx": 1164.9}, {"id": 54, "img_name": "GX01013500008640", "width": 2560, "height": 1440, "position": [2.357942583061411, -0.09557498523968125, 1.07562417932708], "rotation": [[0.9990146795663085, -0.04432202831534047, 0.0022864420045235205], [0.04366735778299897, 0.9724446244862925, -0.2290078910692055], [0.007926655995907174, 0.22888208779572006, 0.9734218807952669]], "fy": 1167.5, "fx": 1164.9}, {"id": 55, "img_name": "GX01013500008800", "width": 2560, "height": 1440, "position": [-8.096052248816113, -1.9253691000450395, 4.3949537789475235], "rotation": [[0.9853423923459156, -0.08511912858096465, 0.14783471782921975], [0.050837866929240715, 0.9737610262342353, 0.22182194452608514], [-0.16283697716462509, -0.21105496378163197, 0.9638152940947874]], "fy": 1167.5, "fx": 1164.9}, {"id": 56, "img_name": "GX01013500008960", "width": 2560, "height": 1440, "position": [-9.044904930387641, -2.870926839887995, 3.4453242123448455], "rotation": [[0.9266096823065383, 0.12979443704517926, 0.35291344656714535], [0.23499919431565056, 0.5327904473014996, -0.8129635403480672], [-0.29354705811295656, 0.8362342634551595, 0.4631871989777304]], "fy": 1167.5, "fx": 1164.9}, {"id": 57, "img_name": "GX01013500009120", "width": 2560, "height": 1440, "position": [-9.348979275171118, -2.696108163692641, 4.134365800024707], "rotation": [[0.998003747483726, -0.06015470321083223, -0.019233608347270427], [0.04925613679750325, 0.9320030411232761, -0.35908796182098673], [0.039526611241354176, 0.3574237583297751, 0.9331055159976247]], "fy": 1167.5, "fx": 1164.9}, {"id": 58, "img_name": "GX01013500009280", "width": 2560, "height": 1440, "position": [-9.886712329951768, -2.910087124198319, 4.293064471432976], "rotation": [[0.634653786853586, -0.23637253887489218, -0.7357598750259765], [-0.2897570365456948, 0.8098331289605664, -0.5101089717013372], [0.7164184744998273, 0.5369341915950001, 0.4454730556291412]], "fy": 1167.5, "fx": 1164.9}, {"id": 59, "img_name": "GX01013500009440", "width": 2560, "height": 1440, "position": [-10.576918341547545, -2.7853157470886956, 4.814512591823158], "rotation": [[0.14327451175451528, 0.05141281435076274, -0.9883466683315318], [-0.3862467782919291, 0.92236068964211, -0.008011520582030486], [0.9112002197874022, 0.38289356317841783, 0.15200881137593453]], "fy": 1167.5, "fx": 1164.9}, {"id": 60, "img_name": "GX02013500000000", "width": 2560, "height": 1440, "position": [-10.439286428145612, -2.9584618892371553, 4.734016070494046], "rotation": [[0.17598350999372353, -0.37231566303123026, -0.9112688139467433], [-0.3855444301028328, 0.8256933183775891, -0.41180825198541976], [0.90575123330138, 0.42380607717235547, 0.0017641782247192548]], "fy": 1167.5, "fx": 1164.9}, {"id": 61, "img_name": "GX02013500000160", "width": 2560, "height": 1440, "position": [-14.430022595427493, -1.6206608336388655, 1.2245088027735187], "rotation": [[0.662905790258886, 0.1383127760858589, -0.7358162061361965], [-0.27852794879192777, 0.9578084637932276, -0.0708881402479896], [0.6949662545642082, 0.25193753721404927, 0.6734607504224105]], "fy": 1167.5, "fx": 1164.9}, {"id": 62, "img_name": "GX02013500000320", "width": 2560, "height": 1440, "position": [-18.38326509625742, -2.1084196132719732, 2.469899630691014], "rotation": [[0.6256764007029207, 0.21336194519562762, -0.7503370722187302], [-0.2669792422932541, 0.9623504961009383, 0.05102555084267049], [0.7329741644750911, 0.1683989400103694, 0.6590832050776487]], "fy": 1167.5, "fx": 1164.9}, {"id": 63, "img_name": "GX02013500000480", "width": 2560, "height": 1440, "position": [-15.662030103081511, -2.304387430802434, 4.31803198443782], "rotation": [[0.38780285792452335, 0.36065677567139365, -0.8482544627338459], [-0.44141583099441506, 0.8805494709126424, 0.17258242501186366], [0.8091730393019044, 0.3075049909152365, 0.5006792117006043]], "fy": 1167.5, "fx": 1164.9}, {"id": 64, "img_name": "GX02013500000640", "width": 2560, "height": 1440, "position": [-13.611553568326825, -7.102976412207521, 14.675820993105795], "rotation": [[-0.2804108088609386, 0.3950438280323603, -0.8748200684755074], [-0.4687593309453001, 0.7389588840269237, 0.48394675055154374], [0.8376362384267214, 0.5457839697638822, -0.022031577862446503]], "fy": 1167.5, "fx": 1164.9}, {"id": 65, "img_name": "GX02013500000800", "width": 2560, "height": 1440, "position": [-11.106068903243367, -4.91471809684674, 10.075657251829524], "rotation": [[0.8559229162156814, 0.08010228105812058, -0.5108616114625657], [-0.17486853144954811, 0.9745626553911684, -0.1401735617924903], [0.48663842656074935, 0.20931138355617587, 0.8481578782916995]], "fy": 1167.5, "fx": 1164.9}, {"id": 66, "img_name": "GX02013500000960", "width": 2560, "height": 1440, "position": [-10.384172614550131, -3.0763824789873944, 5.438959452723336], "rotation": [[-0.7385140894722262, -0.09329559808154032, -0.6677521029765574], [-0.25353603380008777, 0.9561191707532529, 0.1468182920586957], [0.6247530865997606, 0.27772659702793934, -0.7297612747243795]], "fy": 1167.5, "fx": 1164.9}, {"id": 67, "img_name": "GX02013500001120", "width": 2560, "height": 1440, "position": [-8.52672712838021, -1.9608558729025047, 3.7481597313121244], "rotation": [[-0.9979757928453394, 0.022359464855543503, 0.059534622079016594], [0.05038928149504865, 0.849138328462149, 0.5257613712007759], [-0.0387973865760358, 0.5276970281021878, -0.8485461739510642]], "fy": 1167.5, "fx": 1164.9}, {"id": 68, "img_name": "GX02013500001280", "width": 2560, "height": 1440, "position": [0.34924128441360225, 2.2813287183850592, -4.09344424871634], "rotation": [[-0.16526979427144414, 0.020290125659254234, -0.9860396573679002], [-0.38863430088283524, 0.9175533039871301, 0.08401972696701053], [0.9064487162982712, 0.39709475587450516, -0.14375840698262768]], "fy": 1167.5, "fx": 1164.9}, {"id": 69, "img_name": "GX02013500001440", "width": 2560, "height": 1440, "position": [0.3634793497710369, 2.119808662308081, -4.340105049182793], "rotation": [[-0.9124469656285286, 0.05663614402469424, -0.4052565633093493], [-0.14109530923120323, 0.8860907617570715, 0.44151475132969675], [0.38409978993516986, 0.4600385952491235, -0.800519732581884]], "fy": 1167.5, "fx": 1164.9}, {"id": 70, "img_name": "GX02013500001600", "width": 2560, "height": 1440, "position": [1.2428564521704484, 2.380839959751191, -5.109553018607961], "rotation": [[-0.41346189426495217, 0.12877059456215162, 0.9013697332210279], [0.45588024477037487, 0.886208436452839, 0.0825094515065834], [-0.7881766708162201, 0.44503116872408405, -0.4251173890175927]], "fy": 1167.5, "fx": 1164.9}, {"id": 71, "img_name": "GX02013500001760", "width": 2560, "height": 1440, "position": [2.469172662613849, 2.621707783410169, -4.750381311098398], "rotation": [[0.7886676464769373, -0.12800384023377845, 0.6013471212917995], [0.2972124666014652, 0.9355851225316748, -0.19064424511131672], [-0.5382082246651397, 0.32908280930914063, 0.7759100537562341]], "fy": 1167.5, "fx": 1164.9}, {"id": 72, "img_name": "GX02013500001920", "width": 2560, "height": 1440, "position": [1.5126865106179996, 2.5433116229859993, -4.064049508283954], "rotation": [[0.48438021414115184, 0.33613853818891976, -0.8077045816960483], [-0.3745197383166614, 0.9140372505130684, 0.15579111106134924], [0.7906394714152535, 0.22703917683678804, 0.5686320764971691]], "fy": 1167.5, "fx": 1164.9}, {"id": 73, "img_name": "GX02013500002080", "width": 2560, "height": 1440, "position": [3.0602666580265034, 1.6140258144480086, -2.039974554433341], "rotation": [[0.9525217514112218, 0.07014936491298253, -0.29627922588464384], [-0.11104480757185782, 0.9861089195491177, -0.12352428707343571], [0.2834984370324247, 0.15055983989091085, 0.9470799178592034]], "fy": 1167.5, "fx": 1164.9}, {"id": 74, "img_name": "GX02013500002240", "width": 2560, "height": 1440, "position": [2.1406829858838106, -4.732311880693233, 11.152575638992191], "rotation": [[0.7853621227856324, 0.09509476560360021, -0.6116889092083017], [-0.2624623205034535, 0.946071021807158, -0.189903006855349], [0.5606423694384753, 0.30968791912432847, 0.7679671388404945]], "fy": 1167.5, "fx": 1164.9}, {"id": 75, "img_name": "GX02013500002400", "width": 2560, "height": 1440, "position": [3.344314877991536, -4.643650385970444, 10.43650679741644], "rotation": [[0.12906969441384264, -0.4787373297644898, 0.8684190135377531], [0.4806318010080245, 0.796204719669903, 0.3674930152195466], [-0.8673719420431473, 0.3699575833326535, 0.33286228487313274]], "fy": 1167.5, "fx": 1164.9}, {"id": 76, "img_name": "GX02013500002560", "width": 2560, "height": 1440, "position": [2.034156101177416, -5.255917630766011, 11.861231675869773], "rotation": [[0.7168634863964913, 0.15196631778288275, -0.680450571409106], [-0.2713769048622449, 0.9598105052884212, -0.07154278052587552], [0.6422315138475028, 0.23594497705502743, 0.7292932540642666]], "fy": 1167.5, "fx": 1164.9}, {"id": 77, "img_name": "GX02013500002720", "width": 2560, "height": 1440, "position": [1.1704760383242792, -5.638929532339043, 11.609937337828201], "rotation": [[-0.2911934716449881, -0.33674556060008903, -0.8954377641620153], [-0.3444303263407814, 0.9101350099812913, -0.23026509484317692], [0.8925100068728193, 0.2413642289621355, -0.3810107565533963]], "fy": 1167.5, "fx": 1164.9}, {"id": 78, "img_name": "GX02013500002880", "width": 2560, "height": 1440, "position": [0.9999697697057648, -5.4074698012934475, 11.001912343128934], "rotation": [[-0.9999946588578942, -0.0029554696708060067, 0.0013955123461723558], [-0.0031721244193186372, 0.9804849285615795, -0.19656867118201393], [-0.000787326077134523, -0.19657204801959843, -0.9804890667697569]], "fy": 1167.5, "fx": 1164.9}, {"id": 79, "img_name": "GX02013500003040", "width": 2560, "height": 1440, "position": [0.1350045146837047, -4.660718750540608, 11.459818806779923], "rotation": [[-0.8772543716093856, 0.2861960359197697, -0.38537851070866724], [-0.2382312460618855, 0.43740943987055375, 0.8671325477180113], [0.4167380962811318, 0.8525050210620098, -0.3155385050545165]], "fy": 1167.5, "fx": 1164.9}, {"id": 80, "img_name": "GX02013500003200", "width": 2560, "height": 1440, "position": [0.7896462943202478, -5.403994527637579, 11.182121733693135], "rotation": [[-0.2320339952325183, 0.3095135103247394, 0.9221505365084883], [0.4238494627679884, 0.8854618497195356, -0.19054906350477396], [-0.8755066293111224, 0.3466391489975075, -0.3366443856869746]], "fy": 1167.5, "fx": 1164.9}, {"id": 81, "img_name": "GX02013500003360", "width": 2560, "height": 1440, "position": [0.8388027685517913, -5.271689757039759, 12.134047525111434], "rotation": [[0.324235732200483, -0.4402757863340243, 0.8372744006192793], [0.5193015996315281, 0.8226433119199245, 0.23148181348337926], [-0.7906940233646345, 0.3597432602862412, 0.49536627670247463]], "fy": 1167.5, "fx": 1164.9}, {"id": 82, "img_name": "GX02013500003520", "width": 2560, "height": 1440, "position": [-6.5394237762891025, -3.65906020914786, 8.656032016003094], "rotation": [[-0.9663701522235718, -0.035192813276894636, -0.25473553891251033], [-0.1640111869500884, 0.8473118746942846, 0.5051365335800609], [0.19806327132159707, 0.5299283469448625, -0.824588920406812]], "fy": 1167.5, "fx": 1164.9}, {"id": 83, "img_name": "GX02013500003680", "width": 2560, "height": 1440, "position": [-11.731006223517117, -2.4332619735387846, 4.889769090281969], "rotation": [[-0.4432761652472885, -0.6737133901056549, 0.5912837806975617], [0.4221317929264015, 0.42501382189107473, 0.8007296676171571], [-0.7907660783850041, 0.6045440589352332, 0.09599734413885537]], "fy": 1167.5, "fx": 1164.9}, {"id": 84, "img_name": "GX02013500003840", "width": 2560, "height": 1440, "position": [-11.589249856751916, -3.1977970505232722, 5.628313303242893], "rotation": [[0.14172420530881885, -0.0735131062429484, 0.9871727674728962], [0.41635816363868045, 0.9091661045616656, 0.007929305618545624], [-0.8980869274190608, 0.4098936661216901, 0.15945862558140575]], "fy": 1167.5, "fx": 1164.9}, {"id": 85, "img_name": "GX02013500004000", "width": 2560, "height": 1440, "position": [-12.157121281096547, -2.5622338299221723, 3.8770362878468476], "rotation": [[-0.9087940781592124, 0.07272880890351371, 0.41085744955911835], [0.1788689809710363, 0.9575293233137228, 0.22614924859646868], [-0.3769604901698987, 0.2790127512316247, -0.8832059066271175]], "fy": 1167.5, "fx": 1164.9}, {"id": 86, "img_name": "GX02013500004160", "width": 2560, "height": 1440, "position": [-12.19498481512261, -2.5815503537643885, 2.8784664364393793], "rotation": [[0.9511508760350761, 0.00848751879179134, 0.3086097422999905], [0.22811055782208484, 0.6542657776032262, -0.7210422079652086], [-0.20803265231161394, 0.7562170682297542, 0.6203693748809579]], "fy": 1167.5, "fx": 1164.9}, {"id": 87, "img_name": "GX02013500004320", "width": 2560, "height": 1440, "position": [-11.167616515490552, -1.2412825124569518, 2.0225628289890816], "rotation": [[-0.11514761950652055, -0.283124712940166, 0.9521456940219448], [0.48483668234268185, 0.8205760793592763, 0.30263557199757657], [-0.8669915900266414, 0.4964829250899848, 0.04278186434891973]], "fy": 1167.5, "fx": 1164.9}, {"id": 88, "img_name": "GX02013500004480", "width": 2560, "height": 1440, "position": [-8.745887708827782, 4.62933158757622, -9.02858548465153], "rotation": [[-0.0538952692950184, -0.34280682482925195, 0.937858614503329], [0.416821728905165, 0.8457582823495187, 0.33309544300350463], [-0.9073890820701593, 0.40887211776749777, 0.09730696302009939]], "fy": 1167.5, "fx": 1164.9}, {"id": 89, "img_name": "GX02013500004640", "width": 2560, "height": 1440, "position": [-6.734592179657931, 6.861972519668568, -10.633793333389356], "rotation": [[0.5485362645048459, 0.002656975559229946, 0.8361225430545137], [0.3282746336266351, 0.9190145662071222, -0.2182842001071851], [-0.7689887719858904, 0.39421462121541456, 0.5032405994945351]], "fy": 1167.5, "fx": 1164.9}, {"id": 90, "img_name": "GX02013500004800", "width": 2560, "height": 1440, "position": [4.0800266560877265, 6.551865135338527, -9.838717659322027], "rotation": [[0.4063583679626405, 0.04625536140641441, 0.9125422282436584], [0.35663582069876854, 0.911471796817902, -0.20501232889770604], [-0.8412394238153933, 0.40875372187505205, 0.3538878730220034]], "fy": 1167.5, "fx": 1164.9}, {"id": 91, "img_name": "GX02013500004960", "width": 2560, "height": 1440, "position": [10.472823201101924, 2.4604917410747476, -1.687234667227879], "rotation": [[0.9556381558399064, 0.04190108455517337, -0.2915476191225081], [-0.15725834338049458, 0.9095273714392542, -0.38474637625327074], [0.24904924922618277, 0.4135266130684954, 0.875768355071119]], "fy": 1167.5, "fx": 1164.9}, {"id": 92, "img_name": "GX02013500005120", "width": 2560, "height": 1440, "position": [4.883847067668084, 1.96870006677588, -0.35384591080442734], "rotation": [[0.49384296360339663, 0.08158048467274275, -0.8657157453922011], [-0.4602683066330207, 0.8692061362133523, -0.18064821803224804], [0.7377480689290792, 0.4876733715199298, 0.4668002458244841]], "fy": 1167.5, "fx": 1164.9}, {"id": 93, "img_name": "GX02013500005280", "width": 2560, "height": 1440, "position": [-2.1076133481908537, 7.037990371347943, -11.00149131771092], "rotation": [[0.5087142024923685, -0.006960076555685533, -0.8609073222576823], [-0.36054630996083553, 0.9063337377736567, -0.2203758474671344], [0.7818031840279105, 0.42250528175109425, 0.45855541468425587]], "fy": 1167.5, "fx": 1164.9}, {"id": 94, "img_name": "GX02013500005440", "width": 2560, "height": 1440, "position": [-4.716456054858191, 2.7921109115957417, -2.5350808891209673], "rotation": [[0.7887134072894003, 0.03484287318710065, -0.6137728695128291], [-0.28702002690225725, 0.9037693523315788, -0.3175223802241131], [0.543645716730089, 0.4265992639166486, 0.7228156076806874]], "fy": 1167.5, "fx": 1164.9}, {"id": 95, "img_name": "GX02013500005600", "width": 2560, "height": 1440, "position": [-0.39308083440863606, -3.186999372270395, 10.569463852136119], "rotation": [[0.44398888443838846, 0.057770898973891475, -0.8941679896568112], [-0.3853885571761148, 0.9132123344612557, -0.13235895204154471], [0.8089187415883423, 0.4033680148692653, 0.4277203690351446]], "fy": 1167.5, "fx": 1164.9}, {"id": 96, "img_name": "GX02013500005760", "width": 2560, "height": 1440, "position": [-7.748648005472525, -3.8595703326278237, 11.085234214195731], "rotation": [[-0.8540405203562779, -0.010360246439365933, -0.5201033117403614], [-0.2544444958224218, 0.8803616888307451, 0.40027652364927896], [0.4537320664613087, 0.474189795475181, -0.7545006625126012]], "fy": 1167.5, "fx": 1164.9}, {"id": 97, "img_name": "GX02013500005920", "width": 2560, "height": 1440, "position": [3.054639767899142, -0.33061442612763847, 5.2699543132844155], "rotation": [[-0.8236361915124671, 0.021435882017778806, -0.5667132669992443], [-0.23822858973385974, 0.8937664941486461, 0.3800376204675719], [0.5146557714281004, 0.44802004073407004, -0.7310317913992438]], "fy": 1167.5, "fx": 1164.9}, {"id": 98, "img_name": "GX02013500006080", "width": 2560, "height": 1440, "position": [10.986287869337529, 2.8025979354573503, -2.373891930209702], "rotation": [[-0.23325775642295415, 0.05143146637576464, -0.9710538725194231], [-0.30703503479412086, 0.9436206685720102, 0.12373165016553182], [0.9226702046113239, 0.32700892665208875, -0.20431557799723957]], "fy": 1167.5, "fx": 1164.9}, {"id": 99, "img_name": "GX02013500006240", "width": 2560, "height": 1440, "position": [-1.4771544045293947, 5.400441777318825, -7.625086198051442], "rotation": [[-0.28583587815691536, 0.044977092787464194, -0.9572224986295772], [-0.42367580458268883, 0.8900351291731723, 0.1683338392864186], [0.8595328169240974, 0.45366786304749696, -0.235348266763198]], "fy": 1167.5, "fx": 1164.9}, {"id": 100, "img_name": "GX02013500006400", "width": 2560, "height": 1440, "position": [-10.867380648575384, 0.8690177516458523, 0.5382848460022126], "rotation": [[0.671393234539063, -0.033619150517847834, -0.7403383532774951], [-0.2771775670229742, 0.915079732144216, -0.2929192382860751], [0.687316317974773, 0.40186917838685776, 0.6050598668795284]], "fy": 1167.5, "fx": 1164.9}, {"id": 101, "img_name": "GX02013500006560", "width": 2560, "height": 1440, "position": [-1.2702747602822813, 0.22845354244175783, 3.456659665912603], "rotation": [[0.6871655552284741, -0.08302539180270727, 0.7217411475200439], [0.30807542696804896, 0.9330046683184673, -0.1859887636240456], [-0.657946069982941, 0.35015578420462184, 0.6667067539646265]], "fy": 1167.5, "fx": 1164.9}, {"id": 102, "img_name": "GX02013500006720", "width": 2560, "height": 1440, "position": [1.9001816179194893, -0.39754151158489154, 2.092798441792638], "rotation": [[-0.06837519461472402, 0.25232344998437545, -0.9652241756967033], [-0.33950412890641457, 0.9038606686367356, 0.26033216886710253], [0.9381160798200265, 0.3454978556800829, 0.023863203966975315]], "fy": 1167.5, "fx": 1164.9}, {"id": 103, "img_name": "GX02013500006880", "width": 2560, "height": 1440, "position": [0.476715107025462, 4.151529353560916, -3.2831598065544947], "rotation": [[-0.6292879951649724, 0.33616827725014375, -0.7007050081966881], [-0.2305608053268094, 0.7802663950184829, 0.5814000927518966], [0.7421848382905053, 0.5274232097429268, -0.41350504668766236]], "fy": 1167.5, "fx": 1164.9}, {"id": 104, "img_name": "GX02013500007040", "width": 2560, "height": 1440, "position": [-8.926159819514481, 3.0966793710435385, -2.3766186812093153], "rotation":